35236
110554
35545
10611
13356
35234
35239
11875
13358
28998
5988
5989
103893
5982
5983
19393
103540
87961
82440
55346
964
19717
41537
960
74017
55343
961
27370
27371
6794
37732
6790
27377
46136
46135
88398
6798
56129
75947
11545
36702
51843
51842
272
275
276
277
16705
279
16259
97334
49065
12011
22488
86804
52460
17251
64679
104715
101942
101940
95798
53733
57476
86800
95793
95791
107533
65505
30707
49563
49068
8876
60916
51267
69172
64902
64903
26025
45110
69179
45115
50217
79231
73761
44796
22872
42832
37796
42830
58072
38501
4529
75052
3511
75051
75056
3515
12009
90644
2688
70667
2685
2687
2681
2682
10714
14620
645
71537
71536
71530
71532
99
68280
38641
68286
91
90
93
92
95
94
97
70204
83479
107335
33507
33505
18706
1376
71752
94544
41563
49717
17820
27579
37842
518
27573
20256
49241
40741
10710
40748
1177
1176
1175
1174
1173
68820
1170
23504
1179
1178
83092
39597
83090
39593
39592
515
44705
97937
7189
31230
10712
877
29100
3432
29107
72705
72256
72253
622
872
72258
873
12831
12830
34811
3436
12835
12834
15285
1223
8015
12838
8013
109667
87576
1222
107090
7453
7450
83266
2149
23657
2034
66502
2526
2745
5523
4409
628
6797
55623
2746
10884
10885
13600
22678
10883
4598
60903
50674
69419
26569
92084
69414
69413
26561
2316
66763
24708
6532
24701
2333
2315
6530
61239
2061
65263
393
392
391
77754
397
81530
395
59735
22010
22016
101270
2309
43463
43461
13618
13615
13616
13617
13610
13611
2307
2306
5847
19705
93680
5842
5840
11284
11286
3747
3744
4620
75940
4622
13534
4628
4629
100952
72621
39647
11755
11753
51309
11750
5203
99857
16392
16393
51104
44487
19567
101020
101536
93356
62508
97452
20888
25546
179
25542
177
13286
60016
102949
173
172
171
13280
36309
74225
74223
36301
12870
33851
21932
13087
99012
42335
42489
49179
45653
45652
87371
11251
20085
41353
41350
10394
10395
13630
10398
19198
59268
78304
7219
23084
16932
271
7211
7212
7213
7215
12226
42158
6215
6214
6213
12223
12220
12221
54417
13540
106871
42155
1112
12229
6819
6818
41178
102363
59628
6811
6810
59623
70348
6817
15871
95160
40880
95162
10578
40888
10576
53507
49795
37300
72323
49790
63271
63270
63273
63272
37308
52397
8849
49474
8843
8847
67599
1319
7669
7668
22486
26817
7663
7665
40086
37160
33754
37164
77850
1318
42561
33752
1768
1769
68619
1763
1766
1764
84482
40555
11190
13309
34258
50080
50084
18643
692
693
1544
691
696
1543
1540
695
11111
28424
698
86303
28421
28420
28423
28422
34301
34303
30337
34305
30227
72130
72136
79701
77569
13844
3728
19103
77562
2379
55063
85998
44803
5613
55108
5611
5616
5614
30944
104061
1257
11765
23264
47022
1254
11566
47029
103560
22247
14529
22240
1724
9527
48744
48607
367
17462
53734
98665
6779
14601
6774
61303
6777
6770
6771
6772
107286
9966
73444
35422
73441
9963
56104
56101
11507
104489
65695
65694
258
259
53148
19911
253
16721
251
256
257
55812
98594
97686
12031
64613
69994
100037
63043
63044
63045
57413
9500
104734
57415
2432
49098
21637
49546
21634
3689
3687
90481
2518
84559
41616
69196
26040
81992
64927
64920
69193
2512
49891
42811
46517
49895
49896
3531
3530
3533
3532
5058
3534
3537
58548
5054
22819
5050
5051
5052
5053
64907
45799
46643
36823
36820
21295
70135
70645
102552
4167
58947
54995
58941
14647
14860
14861
18899
2795
78396
14868
78395
61760
38621
62315
62314
13070
13074
13077
30436
80450
519
89679
18099
54198
18762
18586
54191
20270
45504
41549
31612
72891
99713
67167
40625
99718
84455
40768
40769
29742
40947
29744
23078
1159
1158
1155
47232
1157
68808
1151
1150
1153
1152
59546
30290
59541
29123
107113
77919
25890
22876
107119
31218
78641
31746
31211
79513
5368
8030
79515
8039
12859
67781
34530
67788
12856
95218
35910
95960
95217
44918
92532
95965
66565
66568
474
22650
61035
88729
65062
61033
103915
25161
76078
22382
22380
52832
22385
60928
60929
4299
4298
4297
13987
4291
4290
60926
13983
76521
28650
23405
26077
24761
24764
3510
22034
22035
98866
55682
69691
69690
81563
77000
35661
35660
81567
3514
13678
13679
89233
12234
43441
13670
4740
4747
4746
4745
104258
55640
55315
19761
32246
55646
5864
16008
32249
5860
5862
120
17351
2183
2181
2186
60258
2184
4606
4607
2189
4605
13513
13512
4601
6907
93374
23921
23922
7582
14914
57644
57641
12238
27233
37576
19580
60785
153
64556
81381
157
156
106094
158
106097
106090
69038
86424
25564
102964
102965
60075
80163
8689
85445
85448
80169
1237
6806
6182
49151
6908
71825
42315
6188
2726
2725
6805
48205
2728
7236
7237
93806
7941
7942
98702
10376
10377
10374
41166
10372
96079
7238
42177
106084
14420
42170
63783
80380
97470
97472
12208
104340
97477
6235
6234
12206
6236
12200
12203
6360
10564
63524
63255
29352
10516
10569
10514
10515
54691
71189
8864
14982
18957
8860
54696
54699
21405
71182
71185
8869
818
819
62780
810
811
812
813
815
84713
817
67573
71986
71989
38273
1700
14188
1702
1703
1704
1705
1706
1707
1709
37184
14185
4572
14187
91341
41152
41153
15851
53541
41158
41159
68320
68321
83158
2093
309
83152
83155
16374
14455
22624
14453
33950
33953
14322
37988
37989
17982
62125
62122
62123
3028
17988
50591
2098
15582
59975
8738
34325
8735
55096
31552
31551
3950
37817
18021
4199
4196
13866
4192
4193
5674
306
5676
5677
5679
89003
55124
38382
17159
34180
66044
35279
66041
66042
66048
69074
54173
47008
23714
23713
33855
12446
8190
30975
6433
82158
8194
15321
82155
8199
82151
27003
15328
12449
6243
64156
78921
6759
97118
6751
4180
51030
35587
35581
343
92983
35589
16211
57780
32728
16219
12053
238
239
234
235
236
230
231
232
233
7675
43787
43786
43785
25710
43834
69208
81172
64695
21877
53301
21656
61739
64497
26063
45407
64498
64948
2942
2533
2537
81715
46533
58032
46537
22839
5079
68135
5077
17168
60443
70116
60440
94116
102578
53952
939
938
53779
101980
933
932
931
937
936
934
58962
104805
54207
11835
14840
54203
54200
48696
1829
68359
38607
13099
13096
80445
36118
104082
44759
44206
36111
85129
36117
44753
23955
84525
68795
41527
1172
797
796
795
793
792
791
99772
799
71570
71573
22425
4978
2414
23056
37435
72075
68863
1130
68864
1135
1134
59569
2418
59561
31765
39559
81038
7148
7144
7145
7146
7147
7140
7141
7142
7143
18746
2827
78119
37642
71794
78117
78111
72219
8052
8051
12874
3082
76229
30013
8506
106982
79570
107054
92511
73025
81441
2882
2883
7499
2886
31497
50325
7493
2888
2889
44975
7497
7494
50322
47252
47254
47256
47259
47258
31532
22630
22636
22637
22635
61012
61016
88296
61014
49182
77243
24741
24744
3277
53784
3275
1924
28896
3273
3270
5708
77700
13650
1928
11189
13653
35647
13655
4766
77792
35649
108136
73037
86261
89213
104233
11248
96457
11245
11244
104238
104239
11243
11242
16028
5809
103937
55667
5802
16022
5806
51492
91468
60271
56318
56319
17373
56314
94344
56867
1573
1827
687
23902
11790
680
65954
51149
22853
63645
91462
69010
69016
86849
76886
53891
67041
25504
8106
36901
11990
80638
42376
42379
80633
16683
36904
4889
10357
2709
10351
4880
4883
2701
4887
7962
7960
7961
93826
95436
7968
7969
10686
53095
13222
61900
54523
16971
42191
61908
12745
6258
6251
12319
12267
12264
18996
53546
70300
90143
102326
8545
6112
9713
9712
9711
9717
15287
9715
9714
10923
830
836
8889
834
835
8885
33394
8880
22999
8012
20591
71144
41310
20592
20595
20594
48267
41315
45349
45618
26850
40045
40047
40041
6688
7455
17321
71967
52996
68301
68657
5245
1727
5247
68659
1722
5240
5243
64749
13135
15833
9004
13131
15834
9003
11621
13139
13138
7026
40598
38706
78568
3005
54010
3001
3000
6803
18354
11620
33978
18350
3313
91430
3312
45961
17454
12482
66505
1582
1581
1587
1585
7939
3317
39871
3316
59990
6888
31538
31028
57012
31020
57541
6801
69554
5659
48702
5654
5652
5650
71097
59196
103038
103036
103033
83173
48703
67338
66060
13345
48874
48877
48870
47063
23227
59220
12468
30954
12465
12466
6411
12461
30952
6412
7775
11890
7772
73629
50843
3916
3915
44103
74073
74072
3918
88884
6732
78908
88883
72535
2757
56411
52811
56414
35251
460
50151
11
9922
9923
73957
73956
216
55851
214
215
212
210
211
16765
5992
55508
12296
6086
12076
12074
6082
6081
104208
43769
25777
15943
25778
43760
46083
21852
24829
21856
3284
21858
49052
100378
80242
3646
3645
89737
75303
3640
2550
90445
81732
26089
2555
2556
2557
2558
2559
50670
62
45426
103102
57236
43102
77283
43107
43106
5010
5011
5013
5014
5016
26054
46551
46557
58010
30079
50010
17414
38838
52550
17143
102511
25194
90623
13308
4418
4417
13304
4414
13302
36759
4411
13301
53938
101301
101300
915
914
917
916
911
910
913
912
62350
64214
64215
45283
36130
80462
80467
24352
44772
27595
55514
41501
4085
41059
70796
50451
70795
59768
81065
48010
27841
95667
39619
107486
57904
44488
95618
46917
54222
11813
78357
78355
71222
15152
44366
20927
72053
72050
39530
3428
30617
40869
7168
1031
502
7161
7166
7167
390
73072
43647
37881
105880
4288
1213
8073
1210
109686
34063
40677
3425
399
66214
42898
64075
1806
50302
50301
1390
66218
2000
1447
1110
1113
1444
1115
1114
1117
47665
1119
1118
47907
10477
1448
6781
1219
12163
22343
22340
22341
6521
6787
4581
108334
15544
15545
79220
2300
31906
38228
38229
73012
2305
6526
97149
35628
2320
4789
4788
4787
4786
13613
35625
4780
5821
5820
5823
5825
5829
11261
51308
96472
93150
65023
108628
13780
56621
64771
54106
25698
25344
98670
35839
11060
27275
28265
61292
25525
199
198
43590
43591
197
64512
191
190
193
69076
74241
57637
42359
52303
105166
91099
39841
39840
70549
70548
10337
10335
2763
70542
2761
2760
70547
2766
2764
9488
63748
9487
7905
48046
63159
13531
12244
61926
71266
105309
33451
20824
20829
16248
107414
105302
240
106573
243
9739
53216
55804
6322
48169
37416
21335
49262
21445
49261
63563
37418
63566
854
855
613
857
850
852
853
858
248
41338
41339
41995
48245
48244
48241
41993
44548
105010
44546
26874
44541
55473
39123
14148
105153
14147
55471
5229
5228
41192
11323
68670
5221
5220
5227
18816
13112
13111
70321
102651
17
70329
427
14369
14368
3061
18339
58597
617
3068
14497
33914
54077
14494
76499
45944
110766
76496
91145
2516
11057
83991
108190
66669
66668
16395
55070
66663
3776
7575
47591
85932
111288
50533
40247
51007
80936
44197
40249
1304
1305
47734
1307
47732
1301
1302
1303
23209
1308
1309
66007
48917
498
499
34493
495
496
497
491
492
105948
6473
15363
6470
6476
31041
31043
31042
7759
7758
50824
31046
7755
92142
35019
7751
7753
7752
3937
3936
3931
32540
34720
6719
6717
6715
6712
9906
9904
9905
107955
56434
56432
24465
50178
30695
19209
32768
178
19206
21606
61465
176
22401
22400
13755
13754
69240
13756
59200
100097
77456
100093
26313
170
3665
75325
49078
82807
75321
3662
46713
46711
1668
80106
46715
56292
73206
2394
1666
53831
56299
56298
73209
11498
99917
23821
13966
2577
2572
2570
2571
57219
11458
57748
93451
11454
11455
11457
11451
93497
3591
57439
3595
1086
5036
3598
5032
5031
60155
64187
52538
17129
13321
64180
13323
106334
17120
4439
4438
67256
70159
975
974
973
972
54697
596
21280
979
978
21281
6209
23359
80260
104792
41295
20127
41290
62377
41298
87278
87270
87277
46658
44713
46659
44717
39986
39987
40638
39983
80409
49382
46573
49384
49386
80403
48030
87183
5197
27865
87187
59743
84562
84563
45009
10475
2824
99001
40826
10473
19407
2826
78377
63170
36298
2820
45878
39677
57964
39675
54242
11871
35991
14806
18528
71203
14809
54248
71207
37062
30239
59527
15173
15172
267
7105
7107
7109
39786
49924
86583
49929
90165
37609
1680
18788
1685
1684
1687
1686
1689
1688
37606
3724
83036
30050
92559
107019
50366
40655
40656
92554
58430
66274
24257
66278
24253
72031
94893
68536
47923
57754
28580
3529
1460
1462
77204
15913
5800
25175
68551
24787
4239
1402
4236
4235
4231
4230
89789
28631
5593
68552
28635
5598
38949
1406
76260
76266
55693
13904
35605
318
13691
35353
73564
312
311
317
316
315
11203
89521
11206
89528
66499
6217
32956
19074
51365
19078
443
103209
87868
7720
6212
2699
64751
64750
69584
446
104093
23945
1333
1332
109007
27252
27251
2693
82639
76918
36295
65912
67771
6218
65916
65915
1919
2299
2298
8129
14874
2293
2291
2290
2297
2294
32376
80670
80678
80679
55958
46388
51951
16160
70830
19315
52981
52986
41173
17337
74899
7290
7291
7292
5190
53059
53057
10644
95479
53051
41174
93017
16425
16427
13247
100859
6298
74891
401
6293
6292
6290
81851
60097
20809
26121
52183
57889
52181
52186
26129
80096
80097
80095
63542
63540
39311
53276
37475
63640
49715
49713
56740
3438
3439
79840
878
879
3430
3431
874
875
3434
3435
870
3437
2741
70520
2743
102497
70525
4849
2031
2030
2749
2748
4846
4840
4841
2038
1431
108981
106884
44522
80892
5201
14169
5202
11991
5208
11993
14166
11997
14164
4563
50747
90936
53584
53586
36071
38264
38265
13174
13176
18647
54727
14344
71079
54051
77896
54729
33248
1910
94405
62148
3040
3043
3042
3045
3044
3047
3046
38145
19862
87045
27415
45927
20376
40005
102520
4010
42606
95830
83201
1094
1095
77080
1090
83468
1912
66640
1098
1099
41710
103079
102760
11676
15690
1323
1320
1327
1325
28933
1328
1329
47712
28934
30910
6906
15434
15435
8139
15431
15348
38149
48832
27063
8130
8131
48837
1917
26241
7526
2395
64146
35032
50804
42125
76416
2390
103693
19190
19193
19192
3957
3955
3954
46415
34742
39090
81535
50118
66021
2399
50116
50117
27542
73195
73194
7660
22137
9478
4067
4064
4068
13778
69910
27818
5784
5780
5781
5782
5783
3600
3605
12088
37163
58682
57760
57761
90406
51645
32746
19993
19992
55898
11437
56014
56017
56011
38871
56018
13342
4451
13341
4456
4454
4459
4458
959
958
74163
950
952
957
956
80799
41687
21813
42095
42096
49018
80241
80240
80795
21818
62828
84093
41277
48639
62827
80514
99244
64256
44738
16858
44731
80428
12165
6332
12162
42890
46594
42677
6339
42672
45028
45029
59897
1854
41013
45027
27883
45023
10453
95625
9670
10107
10101
10103
71264
78315
55665
11858
11853
33745
37045
33747
102112
30213
3202
44193
44192
44190
26939
44195
26937
7125
4078
49904
6068
14678
68082
1669
84231
1667
59003
1665
13766
1661
591
590
593
595
594
597
83014
599
598
83019
24274
71484
71487
44998
2828
2829
35998
35997
2825
44991
44990
71489
40637
50341
2601
3386
3387
3384
3385
3382
2602
66253
3388
76062
34245
1409
1408
94879
94878
34243
1403
72016
1401
1400
1407
68886
1405
68884
4215
13906
4216
4211
35192
4213
1547
6844
13909
35198
108373
39583
18101
108375
18108
1933
694
5577
5573
28425
30075
5799
3265
3969
38266
103445
79595
1936
11112
35377
338
335
35379
68066
330
333
332
89502
11225
1549
47368
87845
58160
103221
33671
103995
103998
103999
55393
51345
48998
12477
75805
3637
22309
61707
3635
25659
25302
82877
21696
5246
3631
4205
65281
82657
76930
76931
78884
78885
39130
7745
81112
42464
93086
96560
74282
42463
42462
16198
16199
67638
42466
16625
16190
16197
12322
74576
6105
88107
6101
6100
64887
64886
64885
64883
10939
56371
56374
16996
12476
104618
57027
57024
33410
65424
81701
21155
12288
16444
16445
68893
2155
26109
51670
49736
63835
22930
3414
22932
75150
21372
37451
37455
54315
56956
43388
56952
13489
13488
4869
2019
2018
70508
70507
2014
70057
8025
70051
70050
2013
2012
71908
26636
33485
71420
58620
18488
54649
44923
13152
20680
3293
60618
10590
10591
51658
102612
102616
33262
18668
37908
33264
18665
18666
45907
48174
41484
94466
94467
20351
41481
20429
27438
18966
67069
1934
44052
57023
1592
44054
44058
47553
47550
97567
12990
103058
41739
12996
41734
24007
41737
41730
41731
41732
54791
29535
29537
16448
102991
12474
78503
29020
29021
84865
1348
79677
450
1341
1342
453
1344
455
1346
457
6929
15419
97446
6925
15415
8110
6926
4464
15412
6922
7711
26747
7713
86776
50750
50751
26741
7719
13371
34761
7506
387
67939
9801
11126
28774
47086
28772
28779
28778
24426
83343
56222
22444
61570
61571
65635
69935
55637
77417
756
4008
4009
29891
43708
43255
4001
4002
4003
13715
13717
13716
3971
3970
3973
3972
55700
3974
2150
32506
96357
759
96350
52280
8230
52284
94262
52288
3620
97083
3622
3625
13990
60373
35419
57702
87677
11412
11413
57707
11417
11418
15795
16299
51888
55568
41617
16293
51882
51881
93415
17479
4289
56034
56038
52061
4478
36263
4470
60113
4472
80223
80224
50233
2951
82514
46028
49037
49035
87208
82849
49030
2464
2465
2466
2467
2460
2462
1024
2468
2469
48340
41254
99268
5341
16873
16872
4345
16878
6312
75154
839
6314
6315
776
102287
70263
102282
45042
1029
59703
45044
5349
10129
9656
8076
10122
10121
10120
107422
36997
10125
3102
37022
21747
71248
71247
63137
52085
62843
62842
8961
8005
9578
78190
86549
1645
1647
1646
1641
1643
1642
49961
8655
1648
70669
68711
40346
579
40345
44311
29494
573
572
571
570
67727
576
575
574
77748
2808
2809
2803
2800
2806
2807
2804
2805
68577
1420
14738
14739
3368
1424
1427
47968
1429
104996
28545
58475
3361
38799
34226
34227
53070
8065
79974
13961
4277
13967
4274
13968
5557
5551
5552
2017
38240
72293
70056
79243
72294
72297
91646
2011
2010
34599
42607
30096
14101
13662
14100
58626
27393
51416
23180
47347
47349
89294
6554
30894
6551
15063
61769
15069
6559
25921
5871
22320
9962
74773
582
23451
11290
23456
82679
104261
27291
76956
55639
7504
11072
355
354
352
39115
100194
7508
7509
359
358
16604
96546
14556
6124
32339
12770
28276
6123
6122
55910
28277
6129
6128
98499
97763
88165
69896
10952
69544
10950
69546
10956
64860
10954
64710
16464
16468
16469
104677
65405
61987
3756
61980
3225
110207
65697
38137
25582
106856
2257
2256
2255
2254
2253
2252
2251
2250
46254
49203
24186
24184
49207
21359
63580
31454
13781
22919
31452
100920
95855
2784
4802
2781
2780
4806
2782
4809
94033
2789
2788
60588
94036
57517
9466
11600
9463
2073
2071
70070
11609
2076
2075
2074
21294
33468
58645
11955
14126
11957
11956
54541
71387
14121
71385
17732
106127
55197
8011
102635
102637
102632
70388
47297
36039
9794
36032
36527
36037
54099
54097
20400
20406
87006
56342
20409
91123
48401
589
83240
67007
5739
39758
11312
44079
43404
71650
78291
46094
37904
46875
76380
85956
59115
35823
15655
59112
7080
7083
104002
7084
7089
44824
107659
71030
39193
37926
41482
8170
8171
8175
6492
79656
6499
81003
100116
4174
15478
107323
6942
50732
52993
50735
105705
15446
48265
66359
66358
51845
34789
88376
88375
88372
77380
100567
67910
67913
33867
102950
4393
4396
4397
3197
473
470
28750
476
3192
1360
475
47758
28972
28971
28970
22468
4027
4024
13734
13732
4020
13730
77165
49913
166
4028
35789
11380
89177
43279
11384
89173
11386
11387
11388
13294
161
32838
55764
19408
51065
51064
32837
51066
32523
19401
22039
73265
52268
94205
56236
56231
52263
73269
73268
35434
736
68090
51609
32789
27173
298
299
65659
297
294
295
292
64926
291
60138
585
44980
80759
80757
80204
80751
51781
46008
46003
46002
46006
46005
46004
2443
2440
2444
2445
2448
42329
8040
64291
7863
93923
2515
47551
69194
8092
16811
16817
6378
36747
12993
42320
98266
12121
6377
10140
10143
53603
10412
39693
70716
10148
57988
57989
70711
63111
63113
41735
6884
63449
54952
37009
37007
2833
21724
48360
62866
71499
84050
3391
105991
1437
83585
3393
48546
6882
3395
58409
58189
1990
3205
1620
5186
1994
3201
1624
1999
1998
1629
1628
3209
24657
58404
48090
75074
84271
41582
2860
2861
2862
44335
2867
555
554
557
556
550
40363
28565
108009
1438
14716
58450
58459
14249
1199
76715
94785
3349
76712
62244
3343
5452
3341
1195
5455
3344
1196
34200
2406
34207
13948
4258
31699
78711
4253
4252
13945
35155
4256
18149
5532
754
28697
35977
5534
40281
38782
80729
91665
103155
44295
106923
83725
42512
67745
69609
83729
67219
458
66160
31340
47328
23618
51477
47321
51479
47325
6572
6573
6570
6571
97841
15046
61749
97842
61747
15049
87775
87805
7694
1340
73726
7691
7692
451
73899
25945
452
74712
23474
3830
3831
3832
74715
454
23478
76971
456
88498
7522
378
50076
35841
7527
50073
7525
371
373
92647
39175
35848
92866
6928
51297
16666
51293
16664
51291
104380
74820
12712
6142
12710
88632
6146
70077
14862
6149
6148
51778
58232
10972
52929
10977
52925
77598
6920
51765
63294
25617
60837
100713
60830
51763
78391
46496
16489
46498
16485
16482
22704
7712
59636
65462
7715
65466
7714
81341
2274
77621
81614
2272
7716
2279
2278
11596
11593
43044
43046
52896
43040
43510
46278
46274
42932
46272
79827
79824
56914
94010
38428
41919
75194
2050
2053
3200
70015
2054
70016
2059
4535
13447
4825
4823
13443
4821
9403
7982
7983
7984
104123
104120
101441
10620
7989
53032
58669
33448
62471
2095
105522
33190
11970
11977
33446
33197
17759
17758
64337
64330
81962
17751
17750
27967
64338
81371
2094
53292
13192
85044
16319
85515
80568
84645
8223
4557
48423
48422
34944
126
92664
7326
4555
88357
3998
39778
7328
62793
99434
13422
18446
18443
65866
18448
62910
15672
15673
76367
76366
15679
8853
59132
7069
7068
7066
33991
33225
33223
37947
54740
33998
78014
15450
12483
12480
57594
12984
6964
6967
6966
15458
8157
8154
34416
8152
8153
30758
30759
40795
40794
40796
39346
12143
40792
95379
39349
11233
2380
26707
24399
31590
88822
2388
9987
77365
100540
9983
9980
11024
14507
14506
11021
11023
14509
415
416
417
1388
1389
38163
413
23282
28220
418
419
28737
23287
95993
69978
66364
66889
60093
11368
11369
11366
91505
61351
32813
55743
56218
33788
52172
56211
100815
73280
35459
101148
19287
19286
23860
51629
82086
61537
65674
82732
1779
64105
65639
60480
74454
25429
74450
53994
36225
53991
46061
46062
42034
42035
52244
6689
82889
82888
6680
6681
6683
82885
6687
53197
53196
53195
2420
2421
2422
2425
2426
2427
95578
16343
7845
16349
7840
7842
6356
6354
6352
61821
61829
97262
98283
105736
1840
10169
10166
70220
70221
10163
10162
10161
46686
21251
21700
1844
21259
63461
43606
84076
1810
1811
1812
12087
37572
1818
1819
33056
37574
45266
45267
45264
1154
41213
47231
86506
44686
44134
44131
40163
26951
4953
14088
40239
30293
98939
1979
1978
68025
3224
96880
1974
1973
3220
1971
1606
13276
70735
13274
13275
13273
8108
59838
70739
13278
13712
71173
2849
2847
2844
44352
2842
2840
2841
3321
3322
58300
5472
4006
5470
5471
14264
14267
76776
51048
45881
38756
62220
62223
94810
30503
3975
34880
30500
30504
18166
89706
78736
325
18169
20954
5519
1552
85859
20485
3978
5511
1555
5515
5517
3039
87632
87630
1977
95701
79287
79285
83703
25893
29903
534
533
29904
530
29909
52631
67765
539
23671
47305
47303
47302
83950
47652
66144
47309
51458
3294
103281
96872
103288
2348
1904
25967
1975
1905
25962
98363
15024
6516
6517
39489
75360
35132
7348
73878
39482
77823
73707
3812
3810
3817
3814
3815
3818
8457
65991
34620
91442
76991
39157
100155
34319
19007
39150
31363
35867
50056
7540
1972
7544
92627
103824
103825
51908
16139
16641
55269
74847
19610
12738
6168
60728
12730
6160
12732
12734
12735
72276
56688
84818
60817
8033
10997
10994
10995
10992
53322
73247
24610
1970
60372
104427
65334
65335
36385
65446
21130
46477
46475
46473
96687
46837
36926
22725
22723
2211
2210
31811
81366
2219
2218
43538
43029
53858
74599
43025
54673
98546
98540
98543
10082
75649
41972
17519
41974
106257
41978
6135
106252
12581
4519
10948
4512
13462
14964
4516
4517
4514
4515
33605
64721
104104
87515
15465
101469
11642
11644
5289
54678
52762
5281
18202
5283
105504
5287
81946
64315
60678
20662
20661
6400
9772
93416
44914
36563
10248
10944
21394
42953
80548
16291
42956
21398
80010
63892
20915
27493
27495
45740
4727
95212
47770
45748
20449
63694
70690
83931
99149
7303
7300
7306
39715
63098
20558
11910
18420
54505
18424
54509
71344
53455
71340
76699
15613
15611
15616
41799
41796
15619
34879
38890
7044
10204
7046
53413
10200
10201
70965
63320
63324
107613
18390
37962
18393
18397
15924
111154
6985
15920
6982
6981
30773
3847
50267
50261
7693
95358
26728
50268
50269
66311
66313
2988
9493
2983
2982
2981
14788
2987
2986
2985
2984
68920
47539
1018
1019
68926
68927
1014
1017
1011
1012
67952
67953
14307
65218
40449
50193
4359
50195
4354
65061
4352
14523
11002
14525
47793
11009
11008
72642
79342
106886
72644
439
436
437
434
435
432
72203
431
77120
17018
77127
82858
11345
11346
11347
11340
11341
11343
43235
50991
43233
11349
55014
55015
55016
55017
32875
51024
55013
51028
55018
5702
5703
67626
43076
88845
103618
103348
61338
82510
6427
2245
1434
42074
30960
15780
23803
82435
23805
27014
65835
48736
48618
25151
25156
43948
13980
32291
4293
32293
16580
63828
74479
16589
42019
12691
42546
42544
46044
42543
42016
106446
52222
52223
52229
10839
95515
39967
32123
16362
21095
21094
19806
16364
7823
16369
16368
9596
63663
14015
7824
105756
35602
105755
61805
105759
61800
61803
64124
56099
1059
17182
52593
52594
52595
101870
101876
85492
53311
57322
107443
8985
21272
8987
37512
49186
21275
3408
63400
63405
1832
1432
84010
84011
75258
3798
20167
1839
3793
2154
2407
2404
2157
2402
2151
2400
4986
4989
45243
2158
2159
2408
85720
105122
3055
1954
1957
1956
1951
1950
1953
1952
49450
58147
1959
1958
58143
60590
41091
3249
3248
104892
3243
3242
3241
3240
3246
3245
79163
59819
70751
36970
70757
36972
70209
13257
59814
13251
71152
71151
71409
71405
4879
71159
1993
1483
1482
1481
38777
1486
1485
1484
58493
14203
3304
3305
5490
3300
40488
76759
30569
94742
48587
36603
36601
18189
18188
47490
1995
78754
18182
2792
41637
1276
41632
615
2790
34520
11047
2791
60118
40320
29382
40322
29380
44372
511
510
513
512
29431
514
517
44378
1227
1226
621
1224
627
626
625
89583
13676
11040
89587
1228
6536
6537
30387
6535
15551
6533
15553
15000
27727
48916
27724
109312
48912
6927
6539
73855
25982
29659
29658
77808
29650
31168
29652
72457
3879
72327
91953
32469
3871
3872
9970
3874
3875
3876
3877
82388
82380
5867
73580
7565
7560
36998
7569
66436
24582
31388
73806
52712
104257
50527
19329
55200
55205
55204
32604
55206
22299
53620
52969
88671
22290
29235
13896
4166
4165
4164
4161
4160
53625
69836
4169
4168
4707
36995
98383
4069
46180
82961
51067
38972
38970
22745
2239
79301
2231
2230
2233
2232
2234
2237
2236
16114
16116
96077
101268
101264
93003
104341
98567
65680
3499
3496
3492
3490
3491
41958
227
2097
2096
2091
13404
4576
13406
41950
106271
41430
41953
2099
41955
41956
11665
11663
12028
55822
8969
222
104699
104168
220
101405
45185
20605
62929
20609
62924
4702
17792
102696
72312
99388
81925
60693
81926
80037
46983
42750
42756
42755
46237
42977
5744
42759
85006
42972
45763
48469
45985
45768
20593
45981
83952
39735
39733
53781
57640
71365
44583
3
12315
33159
11939
47289
11933
33402
11931
33152
70946
102030
107319
15630
15631
15633
70419
15635
15637
61667
7027
10229
39661
7028
10222
10223
49846
71093
3331
24033
63340
35385
63344
84354
37729
6420
9833
62698
37724
50784
30718
150
30713
45917
105986
15945
27428
40376
94456
7793
7792
7795
7794
7797
81380
47804
47815
47801
47802
47803
3648
66336
66333
50588
79181
1038
1039
1032
1033
1030
68277
1036
1037
1034
1035
77324
67426
67422
6423
45391
4372
4370
4371
4376
4375
14540
18640
14544
14547
8661
109783
34452
34455
8665
106866
91091
31445
4081
4082
13792
13795
13794
4086
4088
66806
89111
89445
11326
93762
5728
51008
5722
5721
5726
5727
5724
5725
61311
61314
61643
53660
55685
35496
60997
47116
23357
23822
101672
47113
93494
93495
11490
1575
11493
23358
11497
65816
8087
8080
8089
568
22193
22192
22191
25178
29491
43965
42567
42560
16568
55691
74411
40342
16567
16566
80733
55699
88240
6648
98711
8003
88244
6644
97008
6641
6643
10812
100857
56524
56526
52204
56523
100679
63644
7800
7803
7805
7807
63719
57696
57122
26613
42692
19868
67725
42312
16303
16302
65769
19867
32146
6398
6399
6392
6393
6390
61861
6396
6397
6394
6395
64140
64141
2392
2393
86290
2391
26249
42314
2398
69649
63420
57340
2724
49611
49615
5692
45517
12443
1850
75231
84034
2172
2173
2170
2171
2176
2177
4968
4966
2178
2179
4961
4960
7096
14047
49472
49471
5433
28134
14049
3261
3260
1931
3262
1937
3264
3267
3266
1425
1939
1938
7944
46036
1426
106042
53844
53847
7947
90718
53843
3365
13232
13233
13231
70775
53338
37391
33365
14224
14225
54641
7231
108064
13989
38717
62779
22798
20032
34847
38926
34841
40121
36628
39803
40125
40128
36621
68681
20436
6886
6887
41611
6885
15793
15792
6881
41619
41618
14171
103132
48709
2768
59691
40878
40873
606
601
1208
603
602
1205
1207
1206
1201
1200
1203
1202
5495
97823
469
997
53964
465
16097
464
1351
88476
1350
72307
461
79429
79428
54666
55196
67855
34660
35826
39199
7588
50547
50546
95890
7585
107321
7581
92376
7583
66451
6663
89878
61450
61457
12657
103860
61106
61101
6950
26470
26471
33739
89319
4148
4145
4144
4147
4146
69816
5558
3857
32447
3853
3851
24652
6485
24656
14859
3858
51208
38955
65378
65370
38958
86764
75420
10871
14671
10870
77685
77683
79242
72938
924
72296
51972
51942
51943
19650
51941
5919
51947
16174
74886
104361
16178
19659
101244
101797
105098
38489
75687
16893
17551
90943
4558
4559
4556
64680
4554
13424
4552
4553
4550
11685
19512
11680
11683
11682
65481
27302
73565
100492
81903
69100
24488
45162
31083
9888
16796
16797
80050
80051
85024
16793
14986
6076
42229
6073
1188
14988
42731
49281
42733
49284
42734
2616
2615
2614
2612
2611
2610
13081
5916
90368
45707
7346
7347
6173
10028
10026
10024
71187
10792
7349
71307
71309
21688
105235
54819
60534
62909
70431
53458
9028
63361
7001
7000
10240
10246
63369
10245
4571
18680
24014
49866
49867
21530
21531
21532
41425
816
68474
22885
68470
745
746
748
1519
75019
24332
2949
58269
50220
2945
2943
50225
2941
1051
1052
1053
1054
1055
1056
1057
1058
84979
47868
47869
15064
68215
87822
31285
4313
40489
4315
6555
40485
82930
18026
14564
18023
89687
54108
38105
86905
37976
3117
3116
3113
26224
15963
15964
26227
15968
72821
72827
81910
1181
6558
50950
5740
11309
23592
5743
23594
23595
47281
2590
89460
11306
11307
61666
27838
21231
43924
55056
66716
53348
24433
74657
42886
61590
87509
82025
5260
73153
1875
75742
6874
13626
1600
42502
42503
42506
42507
42505
16547
13291
38395
6669
6662
12652
6661
6666
6664
12654
9325
100658
56502
56501
56507
41155
37919
63623
19517
99574
63624
16896
104551
65742
65747
52083
97289
2762
26228
11316
18193
69669
43907
2376
69667
81591
2372
64167
49671
49670
46377
49672
21232
46373
72081
46378
1876
1874
72083
98192
1873
1870
1871
1878
45573
4947
4941
4940
79947
41851
4948
23454
2118
2119
53134
2110
2111
2112
2113
2114
2115
2116
2117
14022
54482
14021
14024
54487
4019
17056
1918
17054
5109
17052
68049
52621
3286
1913
5101
1915
1914
52628
3280
90086
43638
13214
11391
53861
57363
53867
17188
10497
18372
10494
10493
10492
14798
882
881
880
887
886
885
14792
888
18237
14795
14796
4016
20544
20014
20543
34862
30285
38731
11398
38737
357
7505
39111
40108
7507
15397
40103
44621
44623
73525
351
47453
350
79727
6868
55157
6864
6865
37813
6867
48720
95114
29475
29476
29479
29478
71117
39567
105975
4450
77908
96543
1269
1268
669
668
667
1262
665
664
663
662
72143
660
5103
34396
3285
34395
62576
77849
7616
30350
7612
421
3281
1916
78791
8432
8435
34646
33165
34649
79445
107305
107300
81066
110324
50567
8733
5584
6121
6120
32135
61438
22564
110322
69873
69874
86029
34050
4129
50868
62970
95416
12779
32423
32426
28129
32424
35057
5685
28126
5681
38933
38930
56195
98342
38938
98696
31871
73368
73362
73363
73361
92934
23497
11514
11516
11511
11510
19678
51216
51961
51214
19674
51966
883
52439
69290
14799
56775
56993
56994
52434
25783
25782
25039
54668
34354
25788
104974
82256
46419
60153
46148
46410
46413
46414
14976
2587
2586
2585
2584
105978
45495
45146
2589
2588
69545
10279
280
25250
14797
283
282
42244
51894
7798
10957
287
34860
51673
6053
50469
10000
70638
70184
2635
20017
2631
2630
92506
9594
36832
9591
9592
54871
54872
38888
33117
33119
71322
62960
47227
62967
16142
10262
56027
53477
70982
102074
42863
42862
3544
3545
75001
3542
3543
37270
3548
3549
49805
20976
2078
20971
68184
45728
768
769
2961
2960
44450
762
763
760
761
766
764
765
54297
24318
71856
24316
71854
71855
71851
68982
47849
68232
68986
68987
1078
1079
1076
1077
104890
58731
1072
1073
1070
1071
13004
13007
13006
13001
13008
24320
58172
103902
1534
4336
4337
77980
77981
3135
3134
3137
3136
14589
3130
3133
18450
14586
3138
91762
76580
27526
79328
7248
62032
1284
15989
67608
15980
44445
88610
26790
1621
31407
1739
96924
51514
23579
5766
5767
5764
5765
5762
93725
5760
5761
103679
15185
59061
27723
15181
27666
103672
59069
15189
11436
82503
6437
28805
28801
779
86965
46740
76850
8196
47156
47157
47155
30970
15231
82005
82004
87435
7425
7423
7422
7421
7420
35728
92233
24327
16523
93189
6602
6605
6606
15774
6609
42523
6866
7501
56560
84956
69466
69467
2975
100325
50609
63609
32189
19536
19538
63605
63607
68992
22042
5366
65723
12183
65724
1046
81204
81200
5364
26200
34519
18554
2359
43438
43384
2353
2350
2351
1049
46353
21962
47854
21965
46359
49126
21783
17693
1898
1899
56383
3738
1894
1895
3733
3732
3731
3730
4691
13581
13582
13583
2133
13586
4924
4698
4929
36498
45556
2139
11727
57165
57169
43654
11728
5161
5163
105660
58126
14002
20782
17078
52604
52605
52606
52607
52601
2783
12260
102249
60770
4807
17765
60777
57386
57382
57383
28790
4773
84787
62730
58382
14910
14911
54908
84788
41388
42629
48528
87325
41380
45804
41382
20560
45801
41265
83838
83529
36669
40499
53735
1263
70078
80336
4578
73026
1261
85783
41127
1260
41651
1793
1792
1790
1796
1795
1794
57049
15759
1265
59658
6842
6843
6840
1264
6847
70848
6845
40382
2070
57838
40837
2077
2857
11052
70076
18250
18252
18255
18254
18257
18256
18258
71464
14575
6590
6593
15532
15531
6599
72161
72160
94985
13517
39405
39404
39406
20285
3570
59471
59476
11958
55300
7639
7633
7634
7635
37130
33464
37139
55657
14124
11951
88432
88436
72814
44863
44862
44861
67810
23173
67815
44868
23030
52722
56477
38117
641
1536
3090
1242
3096
3097
1531
3095
648
3098
3099
23142
47381
28493
84892
22542
56651
22546
22547
31097
4103
73699
7437
4104
69859
4106
4108
69852
96231
96230
96232
16747
52359
72346
3898
3899
38312
10424
91243
91242
55407
3893
28140
79307
3897
106588
56874
92915
38910
1111
41346
31891
5950
5952
5955
37034
25391
5959
96586
18316
11536
61141
34466
65114
88693
39695
12055
51724
60541
60545
64646
21751
12058
60261
104188
13503
42784
8436
75972
8438
82276
27342
82270
31476
82273
25272
69140
69142
64397
52416
74378
46290
46291
17856
42260
6039
17265
105055
105054
97363
2659
10064
70613
2652
70611
99493
14389
2654
7389
63018
63015
63010
7384
65945
75397
89412
51958
65236
12379
75399
159
45126
1452
53498
10286
62188
53494
53495
13353
49356
24051
42841
42847
21575
49350
3562
98812
3566
3567
3564
3568
94910
41468
4485
4486
4487
20998
13393
48197
2489
48192
41466
41467
2903
146
2901
708
2906
2905
20709
704
44476
707
701
702
58245
11887
33796
79122
79121
140
38676
102054
70476
102725
1662
89899
13028
102058
70478
1986
3215
31792
31247
1984
71708
106086
3153
3152
18068
1633
3156
3155
23168
33861
33860
3159
3158
11087
11086
37834
39750
20222
20220
3212
67405
1637
29846
67664
66280
66287
42793
66289
2482
36991
27642
51537
296
51533
51531
61628
48080
28479
37832
90673
23330
47171
23886
23335
23885
66755
34561
34563
8578
12572
55
10827
15256
15257
28839
35962
35963
31421
7405
7404
7406
7400
35969
51392
19081
55360
19737
22686
22681
13604
6622
22688
100610
69442
69443
44301
2538
56541
24734
24737
49338
50629
24732
60977
24738
61887
61881
19881
2818
68962
22069
81262
2331
4716
69623
31933
2338
13629
25488
73097
15229
21909
11533
49108
3711
3713
2303
46331
46335
46626
46337
15656
41813
56815
8189
17674
56812
99861
43676
43672
43671
43670
4901
81087
4675
4674
4673
4904
4906
101565
104510
93301
57141
11706
11700
104048
5688
96828
7432
62536
5146
5147
5145
96827
60025
121
60755
123
124
60752
81880
81881
128
129
52660
20765
5687
70288
70289
36466
36467
53821
36465
70284
53828
63482
1186
63480
63481
1187
85415
85416
1184
1185
1182
49177
62280
3371
87303
93197
20501
20504
7245
7242
7241
83812
83816
95420
80359
42107
54442
54443
80355
42109
77653
59677
48765
48767
15739
48769
84451
59679
46132
53536
53531
70864
70862
63224
78423
14282
33653
14280
33303
14286
14287
18278
12640
37336
82297
18272
18270
59902
34358
30876
15085
34355
34352
8217
7650
31878
92933
7659
44089
2227
35169
37159
68374
57433
47418
47413
13955
67834
18428
12294
67830
111210
35163
32510
35883
35882
35885
40509
35886
40506
13950
44881
14424
48864
28300
28302
24507
14428
53772
38086
38087
38084
38085
38082
1518
1514
12276
40587
1513
13816
13815
28163
28164
2540
96218
11839
96473
34685
100868
103084
11837
38334
55172
73419
100286
100284
73412
11550
11553
11552
40603
11557
43080
43081
51746
32685
51709
32689
77651
22214
103889
103559
61169
61167
61166
87955
22219
87482
61160
60568
106332
18437
60563
54274
27367
65396
27362
78994
46108
78991
78992
56154
56155
98658
19859
98657
98304
25299
57281
16266
262
55827
19945
16262
51870
264
269
268
74392
6011
6010
105075
1215
6016
6018
54685
42478
17249
52478
52477
52476
97300
107500
983
57468
986
987
984
985
84130
105256
105258
58884
12393
26017
64917
45458
829
64448
49374
49370
21590
3508
92781
5088
53019
5083
36116
68413
5086
98877
38539
70671
70670
2675
2677
16770
2678
1209
44752
2928
44418
26840
2920
2926
18598
18599
5334
14758
5339
104854
93654
76635
36146
70499
70498
13043
70496
13045
18040
15076
18042
33516
71728
18733
37816
18047
33519
3179
17817
3171
17818
3175
3177
3176
87174
87175
46675
726
727
725
722
29795
29796
29797
29798
67135
728
729
1164
1165
1166
47995
1162
1163
1168
1169
66515
47999
76091
76097
25847
27624
71974
76098
2582
1366
1367
60243
1362
77943
5252
28755
74942
5327
1361
11820
5250
1381
8552
34542
8556
82049
65898
65897
68313
8007
8001
12809
2032
3507
105815
28200
7463
7462
7460
35940
35766
103945
103944
55348
1765
55344
55614
55347
55340
55342
65098
52865
72653
88712
22660
88717
69423
60915
26578
69425
92096
26570
100362
22215
50643
44591
61206
61205
75541
65274
12863
22003
4732
13601
4731
13607
4737
2319
86960
4738
13608
2312
86213
86966
2311
5854
41846
74493
4025
5850
5851
5852
41847
11902
3773
3772
3771
3777
26379
3775
3774
3778
4655
52399
4651
6119
4689
4659
4658
52395
90538
4413
57610
41830
2109
51115
63930
11736
63937
11762
14987
96790
96791
20745
52646
93255
11855
62516
105626
1136
108
109
90792
102
103
101
106
104
105
74231
36337
36335
18341
36447
49160
21293
46642
49165
21922
1198
80112
85436
12869
48562
48563
45841
45847
54021
23649
10385
10382
10381
5110
80377
7517
58114
44648
44647
175
44644
7260
44641
12235
6205
6206
6207
7513
42126
42120
54477
341
41168
59616
342
6808
174
48787
59618
59619
41165
41164
15863
15862
57870
3997
10565
53514
29368
70800
2632
19405
70805
21437
49782
348
41979
54399
37319
37318
3991
63661
8834
8836
67583
59926
59921
80806
26806
80599
58694
17068
37178
1759
1758
1757
1756
1755
1754
1753
1751
1750
40898
2207
56588
51288
24522
40564
50090
1285
28363
1287
1281
47694
47697
1282
47699
30363
1289
6152
108137
11163
1579
1578
34370
688
1872
685
1572
1571
1570
1576
683
1574
50897
50896
13837
50892
13833
73656
73654
1240
77571
106989
66984
12708
85426
5629
5627
5626
5625
85988
5623
28180
34153
72210
110544
31547
35209
28986
47037
23276
5990
11579
23272
11574
28988
30956
103575
1245
103573
82182
82186
54619
25059
25056
43862
70988
46128
6780
6783
97142
6789
82239
27380
73387
56136
39003
30951
56138
56139
73389
96634
26668
99982
33627
27171
245
244
247
246
241
32009
16718
242
19965
249
80585
16710
80587
22497
22495
98586
98589
88035
12004
88030
12003
12000
293
44971
26384
48280
69980
44970
33259
55581
69989
50455
81188
107529
44972
63059
9536
95782
95784
95787
65513
49576
49574
68021
65518
67327
84119
3691
3692
3693
3694
3695
3696
2156
69185
81986
16751
26033
6351
339
42800
44786
44787
42808
3526
3524
68161
75060
46871
49316
37786
49315
17728
36670
38513
53724
102848
53720
70659
53723
36838
102544
2694
53728
2692
102540
2690
78388
14871
14870
71528
71833
54989
20367
62896
62897
38633
68291
52598
38639
104875
62899
52807
106658
13061
2152
106656
13069
44254
76745
36165
102090
36169
102764
102097
112052
108853
71740
89605
89970
89971
6656
41574
20264
20262
62093
10668
67115
44435
40954
40776
337
29803
1142
1143
1141
1147
1144
1145
23510
23047
78535
2967
59007
59004
59551
59550
109987
27601
27602
54431
49455
77967
77960
2963
39587
5834
78124
78127
7198
78122
31755
29110
31203
7195
7194
6402
76217
72714
79520
79521
30941
26088
12470
12828
12829
34521
8023
8020
8021
8026
12821
8024
15291
7441
7443
7444
95979
7446
7449
7448
6405
44928
19
66572
2767
22649
59218
52804
22393
22392
55167
4283
13991
50663
4284
4285
50669
60935
26550
6872
28647
6871
66795
24770
22027
22026
2449
22021
22020
49763
75529
22029
22028
380
381
383
384
385
386
73044
388
5379
4759
43329
43459
43457
31970
43326
4754
4755
4757
5872
5873
55636
11299
5876
5874
5875
93124
11296
11297
93121
3759
3758
5376
56855
98449
56673
3751
3753
3754
3757
58737
2190
2191
2192
4630
2194
4634
2198
2199
60247
60246
74676
11740
11741
11745
11748
101039
95550
19599
63913
19593
4811
13888
13299
64038
165
64030
167
160
36319
162
2043
80171
4761
97343
74219
6194
6195
6190
6191
42328
46668
42496
6198
6199
42492
43311
2734
2735
1625
2731
2733
20091
45647
41367
45313
45310
45867
9185
2048
4768
10365
10364
16903
7209
7203
79078
7200
7207
7206
7205
7204
32077
105600
105353
77654
42144
102377
70355
15847
15845
671
40891
17554
40895
10501
10503
673
24173
54123
24171
63269
18945
24179
71194
78466
8859
808
803
802
801
800
807
806
805
804
53354
1102
40099
71992
10145
15500
40094
1775
54128
1771
1770
1773
53600
5278
37190
68339
90004
41142
18452
68623
4741
40237
40235
70712
67305
70713
37991
32917
10418
18369
32914
1551
1550
1101
3038
1554
62133
1556
1559
28341
3030
62138
58547
32265
8703
15590
34311
30612
94962
94960
109861
1081
31566
16200
31564
13856
32041
13859
19922
35042
202
5601
5603
5602
205
5609
204
206
60930
91229
10682
40987
56315
35592
35265
10425
47013
23251
47014
47018
23701
12457
12456
27019
6421
12453
12452
109249
87918
61922
77842
48843
37555
22252
22253
39399
22256
58408
74020
74029
55793
4694
1682
98611
66807
97124
6766
6765
6764
6763
9975
9974
39027
73903
39024
73459
9979
16734
16736
16737
16731
12025
12021
229
228
19902
226
225
224
223
19907
221
16225
43332
13312
41627
69219
64629
69215
69217
69210
64620
372
21620
49553
51516
49082
49084
49085
45414
5763
43156
2509
2508
26052
2506
90476
26057
2501
2500
49330
46507
49880
49336
46857
46858
49339
33217
84390
68100
5049
5047
5046
5044
377
75082
27669
94105
53740
68363
36768
10774
53748
53749
53968
36810
14852
14857
2269
58227
54215
11824
11827
11826
54210
18550
11822
48687
106671
15317
10059
1524
102747
47621
13084
16261
30424
83449
1255
10058
48411
6404
1991
33889
47626
1622
1523
33554
33885
59797
27832
48060
48064
91050
1627
20286
91054
41551
41552
1626
10196
10194
57936
83624
39620
99706
1996
39629
2240
40939
71506
40931
19180
71508
21744
40937
1128
1129
5189
1121
68816
68817
1124
74633
1126
1127
59572
59570
97904
15106
61710
30286
15105
15103
15100
77903
103880
39564
39560
78103
71761
31778
18080
78105
31773
34507
8042
79508
79509
8046
8047
72264
72260
2527
34509
12849
11399
12847
12845
48099
35904
31486
50468
80639
107045
26612
92504
23064
23065
23067
47221
47222
7801
66550
22622
69864
76391
61026
61795
26428
65056
26532
73584
2304
7157
24756
24755
50686
58191
42190
2868
2706
74907
40366
4925
44338
75501
61240
40361
13646
13645
4775
4772
31952
4770
69685
73021
73023
21422
26283
13648
5818
5819
12948
32909
51486
5810
14242
32907
5813
5814
5816
5817
94370
98429
100900
100901
100902
56878
52356
98423
56658
98426
56300
25390
4618
60269
99100
4610
4613
4612
13504
13505
2708
104021
104024
57650
82375
2705
65234
65233
2627
82372
51154
69026
76714
64012
64545
142
143
141
106083
10358
52170
35723
20873
148
149
53881
25579
53886
80628
80157
39250
80627
85472
80151
98898
5451
1193
7967
2712
2713
2717
45622
5454
2718
2719
3347
7957
53088
7222
7225
7224
7227
7950
53083
3345
39812
39813
42164
37950
42169
63790
52685
6241
12273
12272
97482
10525
53220
70374
90130
90133
9708
63241
63242
63533
63247
63249
13318
8870
8875
54684
14995
24111
37424
37420
48210
825
824
827
826
821
820
823
822
15447
44571
44570
6977
67542
6607
6974
13310
6972
108688
71971
71970
46239
1713
14198
1710
1717
1716
1715
1714
6814
68648
1719
1718
14196
14194
15828
9575
10856
43257
14336
28416
14443
14444
14446
58560
68257
108465
35154
9579
3018
3019
6816
79757
53940
3016
104769
59960
34339
36297
96029
34331
34332
10757
34334
62324
62325
68574
4183
4182
13875
5663
5665
5664
89032
89031
2502
51739
34196
103028
106505
67891
14831
67893
57529
66054
66058
59376
23239
72699
72698
12473
10
13
6401
6406
8188
12475
16
8185
18
12479
61494
48867
87423
48865
109225
26711
7766
7760
7761
7763
7769
4198
3906
3907
3902
3903
3908
6741
6742
19537
32590
26716
6749
3193
56466
56467
98637
45538
45968
50142
100224
100227
100221
73923
32040
16753
16202
51813
51814
16205
207
55840
209
208
52563
16759
32738
55848
12042
12043
12047
88079
4197
837
56796
2955
3190
58417
85397
85395
3658
37430
65551
2525
2524
52633
81724
81723
81722
41313
45437
45435
2529
2528
57220
11461
11460
3940
43175
45344
5065
19226
46528
12137
5063
5062
17150
38800
52549
94129
102501
102507
4407
13311
60451
4402
4403
36299
53769
9576
104762
9574
53762
53763
104768
53941
926
927
14839
14838
54238
104838
11030
58790
33712
14832
11807
104831
11805
14836
45292
20117
83426
43012
689
85643
44748
44749
44211
59325
70780
27855
27586
784
785
43436
71386
29734
57914
83390
15078
57919
6575
788
67156
2357
18574
18570
15331
18579
34297
2662
72068
787
15129
59519
59512
59514
407
7158
31719
107125
7153
1373
7151
7150
33575
37655
33573
1833
37650
71789
7690
108894
71783
33578
76259
21968
76508
73724
34074
28498
8067
8064
72201
8062
8063
8060
8061
44478
7486
40661
782
2898
3288
2895
2894
26670
2893
1106
1455
1104
1457
23006
1103
1100
23005
1458
1459
1108
783
1725
22359
36641
1723
26515
1721
100691
77250
100693
56890
38235
254
38236
1892
28602
28605
17652
2136
73557
4693
43018
4790
77074
13585
5836
104220
104223
93161
5832
5833
11258
11259
11256
104228
11254
11252
11253
11250
5839
61004
61005
65033
51318
103251
21
51313
51312
51317
51316
51315
32924
94350
56321
56632
2241
56636
11787
11781
2605
11788
11789
438
101074
61260
65962
61262
4
26367
65783
79617
1838
64565
11721
81800
81801
98538
74254
74250
21985
52428
17364
98406
52373
12781
12780
12782
12785
17369
28464
2779
10324
96803
2770
4891
70575
2774
2775
4895
2777
9499
9149
93834
9491
7977
7976
9494
7970
6265
6263
21185
21184
18351
20851
52156
14001
55029
2642
50070
53203
70318
9722
7524
9720
9721
1588
9728
42987
58823
1589
10469
2647
7528
847
846
37409
844
75122
842
8899
75121
849
8890
48272
20583
45602
45604
45605
41328
45608
52608
20589
41321
41320
55367
44552
80863
26869
16663
44559
44558
26861
20338
62553
3944
51292
5238
68664
1735
1734
5236
1736
13124
15804
44339
12854
71041
40273
661
108409
1594
1596
58589
3075
3077
3078
14315
33966
18322
1598
54002
87075
27447
87070
20321
62170
6141
79771
56007
59985
89050
31529
97903
89057
5831
66684
5641
5640
5644
111292
103009
59183
8066
30744
29076
40582
40583
23740
23214
23744
66077
4826
51788
51789
48803
489
488
51780
48808
485
484
51784
482
51786
480
105953
59239
45158
15373
12412
30925
40667
50831
31036
50832
7746
50780
46376
73631
12
92173
50789
3923
3920
3921
3926
3924
3925
3928
96385
6723
6722
6721
6726
82294
15
73495
56400
100203
50163
50160
14
55531
12176
32714
16771
12068
10293
22161
88096
6093
12063
6097
22169
42754
100068
69564
2897
48299
82831
24836
24834
24040
49043
45807
3673
3296
3676
3677
3674
3675
2543
2542
2541
20567
2546
1107
2548
64991
26090
96124
96655
96654
93441
57758
1450
1451
3580
5000
3584
3585
3586
46540
5008
46544
64195
38829
106328
52521
17422
17421
17426
38822
36723
13338
906
3551
904
70148
70147
909
4426
4424
80290
101336
101337
9550
53921
104780
62342
62340
7095
62348
45617
3292
48643
39993
44760
45616
99291
99294
42645
46897
80477
46898
42648
80472
64591
27875
48024
41516
99034
99744
99745
50009
57979
29719
95678
95679
107497
57973
95677
57977
37090
37092
78368
11865
14812
8932
37097
71540
71544
78366
78365
15146
34275
34270
34273
7176
7179
86599
44465
107141
107145
3796
78149
1696
1697
1694
1691
37674
37675
33591
1699
43518
40642
40641
44945
95267
95264
43514
66263
14763
14762
6075
14768
1472
1473
72047
1476
1477
1474
1475
1478
47263
47912
72049
68508
22378
22373
87417
22371
77278
22376
6410
4229
15752
13934
4227
4222
24
25
26
6841
20
5583
22
23
24791
28
28079
28628
72220
91367
76275
79233
76270
7773
38230
38680
87734
92814
64060
66485
13689
66486
11271
13683
13681
83873
13684
94017
104209
51372
104200
96464
89264
61062
61063
61060
61061
61067
65016
61068
8500
63692
4923
41913
75193
1945
25686
76907
76906
13793
33637
3801
65901
79828
71289
61281
410
25532
25533
2280
2281
2283
64507
2287
19686
51991
74505
19682
4538
32368
4539
42349
46398
46397
46396
88138
52312
17303
52311
56344
2058
17308
52319
98174
4536
15537
16801
34703
70082
9129
39859
53040
53042
93859
600
63754
7910
7915
6595
105335
61939
6284
35650
6286
6281
20832
20830
181
186
187
184
185
20838
189
85564
53598
85561
104652
63282
5837
53593
80088
53595
12132
5835
37465
46976
63572
49259
63576
56965
13799
105706
56961
3448
22968
3445
3444
863
3446
865
3440
867
3442
2024
2025
2026
2755
2020
2021
2022
2751
48250
3144
6364
2028
2029
2758
2759
86458
53610
44021
44027
86455
44024
18071
5215
58619
5213
14158
5211
58615
14157
14154
14155
5219
54137
92708
102644
70333
13105
13106
13107
13102
13103
54560
71066
18653
37289
18309
11976
14378
1558
3058
3059
54062
3057
54061
92703
14374
90211
27468
91173
20305
27466
27467
40074
40075
40077
39054
40072
39176
67051
29394
66674
66904
89070
41706
41701
20218
103065
85902
39959
41709
17753
16768
15684
15686
29052
40256
7476
8
29502
1317
1315
1314
1313
90315
47705
66012
66013
47708
23824
66014
23760
6914
6915
6444
12434
6912
6441
109779
48825
12439
30908
92152
31501
31505
14896
50817
92480
35024
50812
7726
3948
72563
55738
3274
32884
3941
19474
55088
19472
19470
19471
8324
6703
6702
8321
88303
6707
9911
73961
6085
39089
39088
9918
56422
39086
39081
39080
5156
55559
32778
26026
22145
13747
13745
81459
4494
81109
13741
69907
81104
69273
44864
3613
75354
3616
3617
3618
3619
56285
56282
2568
43137
10116
2560
2563
2564
2567
101680
93464
57771
5028
17443
17446
5021
5020
52059
13351
4441
4442
4443
60414
60143
60141
4448
59072
57481
965
966
967
53904
36258
36709
963
968
969
709
46705
46707
46708
80271
48623
62819
62361
62813
62367
109485
46738
3092
44704
85683
1243
49393
3091
42667
42666
42665
42664
1533
42668
1532
87196
27898
87194
87198
1530
10466
83683
29266
53675
53672
10463
39641
47386
39649
3237
78303
71217
78305
7322
71212
3235
95617
28323
1616
25519
58286
1539
33759
58285
54905
54276
33755
8919
3238
11841
15169
1967
102101
34252
640
15166
30593
7113
7112
29190
7110
7117
1962
7115
1611
18795
6193
18793
643
18799
49938
3642
84554
1679
1675
1676
1677
84229
1672
1673
83026
30047
50372
40628
29999
29996
40624
90441
47935
24268
14746
28027
14744
24263
58428
1418
1419
4102
68529
76076
1410
1411
46726
1413
1415
1416
92323
77210
26086
4107
77214
73775
73771
73772
4208
4209
13912
4201
4206
2876
647
11599
2330
5565
5561
5562
34036
72792
103476
106951
72795
72796
646
35611
50592
43265
301
302
303
304
305
50598
307
11210
11211
11218
97716
51357
51424
32965
3357
7492
54340
11478
12560
87855
46559
25336
69593
46888
104084
23956
51601
82316
65924
76927
472
27246
76929
78895
78894
5018
49820
5918
2773
38310
4897
16183
74568
20066
2776
73161
10378
42419
3891
12749
12748
6114
12744
105138
6117
6110
6111
12743
17328
10927
64741
10925
52995
17322
52991
6731
100749
7283
7281
7287
7937
104622
57544
7938
57014
57547
57540
57013
73435
65431
16981
68581
77822
78019
61959
12293
12292
61950
61957
12295
9495
64522
64523
86814
69047
20810
64529
85540
63558
12254
22941
49722
49721
49727
37442
21495
79857
94064
94065
4419
2697
39114
3420
79858
75165
2003
70530
2001
2007
2004
2005
2008
4854
4853
4852
4582
76509
13305
7417
14173
42182
6963
71663
4412
11988
11982
11980
11986
60606
12484
10580
13168
13169
10585
102668
10589
919
14350
33921
78728
54732
11184
18674
54048
79636
37917
78531
34410
41494
41497
10843
41491
91116
41499
30696
20360
34935
99468
30691
30690
104324
67079
53937
53750
67070
11531
44518
1087
68954
1085
1084
1082
68953
85966
66387
1089
1088
12987
12986
41720
41724
103044
12989
67383
36064
50631
29525
29036
449
448
1338
1335
442
1337
1336
447
1330
445
444
6932
6931
6937
6934
8128
8127
8126
8697
8124
8123
8122
82126
7705
92136
49274
33
32
31
30
37
36
35
34
31070
50740
50295
66659
72585
55711
78953
72580
34759
34750
50126
50124
543
100243
73982
83042
107964
28927
24454
20101
24452
24453
22434
82789
61569
61568
845
15452
843
111823
22056
841
13764
4077
4076
4071
46845
3966
3967
3965
3962
3960
3961
93266
19459
3968
5798
52296
98785
3636
82873
100956
75806
3633
3630
840
35404
35407
60384
848
42902
57711
45600
11403
11401
85102
57719
12195
104438
32752
61683
20586
55579
20587
38861
97568
33439
52077
97563
106369
2347
17461
102872
13379
4469
4467
102878
4460
80256
74172
74173
948
946
944
36270
943
940
941
80788
24871
49006
42066
42060
42062
87204
48608
41266
20176
41264
45236
48352
9709
36141
16847
95589
27592
16841
44723
3894
6327
6326
49948
6324
107262
12171
42603
12178
6328
59869
59865
27598
99788
45057
70957
10119
10444
14501
10114
10447
10112
99077
10110
63129
99025
7518
63123
78322
8978
33008
62833
33003
37580
33006
97986
7139
105201
80928
64037
78189
49919
28229
78185
78184
68099
1653
1650
1651
1656
1655
586
587
584
46644
40351
583
40352
38162
15341
588
83003
24205
71490
2838
35983
50354
35985
2830
1436
3390
104982
1435
5403
3394
1430
3396
3399
1380
14723
58407
5409
1439
38789
40909
79056
38780
68540
68541
30208
30209
13970
77899
13977
77230
77232
77233
77235
77236
23463
17664
18118
11815
75715
5546
5547
106979
30062
56398
103185
72914
31331
31337
11812
50385
52883
31338
99816
35363
47375
71412
5895
32498
11234
48980
81428
103982
48984
48985
51406
55386
42266
37088
13577
25649
25640
4913
23429
74763
74765
321
326
327
9893
57629
328
329
96576
11715
104051
52459
16618
55964
16611
42479
84845
1595
6139
22597
6133
22599
6131
6136
6137
6134
12764
64723
100762
100763
64894
10941
3074
10943
10942
10945
52885
10946
63710
9479
16472
63714
93896
93895
93892
65415
3079
61979
4864
14317
75493
61357
2248
2244
64091
2246
94457
2651
2243
48496
46247
2650
42292
42293
42290
46249
46939
2656
38092
3402
3405
3407
3406
75149
4875
133
4877
365
4870
362
60599
41920
363
70518
53009
13493
2062
361
2064
2794
13495
1614
14111
7436
58658
108601
134
108970
18473
71644
17706
7382
62449
45978
62447
68392
68391
13141
13144
13145
13148
60629
7387
36047
87464
104393
36042
33278
37932
48166
64842
27427
45918
62660
91135
62664
62667
62194
1925
67010
6596
102907
44064
28128
44061
24125
6178
85945
12728
85943
41743
12960
40294
40295
7094
6175
7092
7093
7090
29546
7098
7099
71027
71026
71023
71020
78519
71029
1358
8101
468
1353
1352
467
466
8109
1356
463
1354
6959
8077
59298
59299
15393
59297
6480
15390
6486
6956
6957
86766
26771
92447
26778
66630
66636
56696
44952
34771
88341
34774
88345
67903
77394
67905
67904
77398
3184
3185
3181
3182
18695
102981
24431
3188
3189
82738
22105
22108
22459
35790
35793
69948
77178
11397
11396
11395
9915
4661
49821
43244
43245
43242
49354
13704
43241
32513
51092
96368
3988
51095
19434
3984
3985
3980
3981
3982
46830
52272
35423
54979
35427
48512
93426
57733
1445
16288
288
68516
281
1443
51892
51677
65628
16285
51672
286
69367
86993
3563
1116
52014
36213
102858
36216
60101
85312
85314
85319
82852
1449
42591
46741
49023
46744
46031
2476
2475
2474
2470
30893
87224
87225
2479
7875
47054
7870
39931
42627
41469
16866
13397
16862
42628
6309
12159
6305
12157
12151
6303
90013
10136
90017
10132
10138
70703
59844
10428
107438
9645
10426
10427
53634
63108
37033
54943
18864
71252
37039
49681
71256
8959
62852
17934
84040
105493
2902
487
86579
6856
486
2907
80907
80902
6850
1630
1631
1632
3217
68700
1635
1636
52245
1638
2134
3218
43529
1989
84269
45076
84598
481
45070
84260
84264
2815
2814
44304
2811
2810
2812
562
563
2819
67227
44308
33685
18287
28124
14252
33689
33688
3104
3379
3378
3377
3376
3375
3374
58466
1180
3370
30262
30260
76708
30267
30268
109946
34211
4249
4246
4247
31137
13954
13953
13952
13951
4241
5520
5521
28682
5524
5525
5526
91650
48
49
46
47
44
45
42
40
72234
99226
30084
7948
31359
4848
31354
5318
89576
6547
6546
30882
15070
30881
48964
48965
30888
73882
73881
73739
3699
74701
17528
23993
76967
23448
14291
58395
344
107391
7515
7514
340
7512
7511
7510
73083
100163
92303
18247
19375
32304
32303
33647
74064
51289
12105
6150
6151
12703
88623
42451
42452
55901
42455
42456
55905
72549
71473
70004
10961
98482
4528
13456
60827
26485
26484
69551
59915
46485
46482
63737
105391
22711
22713
3234
15524
77617
15526
26150
8209
25592
43052
2268
7990
43056
43055
43054
43059
43058
2266
49769
56403
63842
42907
63846
42901
38437
31245
38430
40956
75611
56908
2046
4812
70066
2045
4817
4816
2040
2041
4819
4818
102594
2049
11616
53029
11611
53027
53023
53022
53021
58856
33478
14130
14131
18451
11945
18456
54882
11266
28797
52738
17729
27968
18063
10465
52733
33818
102620
102627
36532
18066
80203
63590
80570
96951
36022
11084
53284
87157
54773
50164
54777
34971
48418
33762
20414
20413
10093
10092
39745
67038
8917
71626
7284
35746
8235
64323
68918
41760
68915
12949
15668
15663
15662
15660
17741
17746
52757
54085
14390
14393
20651
54089
30745
79628
8161
15444
8167
8166
6970
8164
79620
76576
1816
6978
79626
376
67698
92135
6099
65856
86749
50255
1813
50702
50253
50252
66618
14881
66347
14884
61340
34790
34791
12060
100572
77377
97388
40418
4389
4381
4380
26108
1371
406
405
1372
1375
22168
1377
400
1378
28964
28741
409
408
22470
12999
4030
13728
13729
77112
81430
93220
89141
11378
96308
9462
32539
103374
91511
55028
55758
55756
55754
19142
32820
55022
60345
54645
56228
52253
52257
52256
52254
35449
23082
35441
93541
994
35446
23870
101159
101154
104470
27143
65865
87592
87593
65644
51616
26953
64117
5499
43999
25430
25121
36231
42021
42025
46011
46012
42028
74131
27276
104631
2458
2455
2454
2456
2451
2450
2453
7852
7851
7856
7857
7855
95547
7859
1502
61836
61831
72175
16800
65577
21660
1501
6363
6362
6361
12131
6366
6365
12135
57315
10401
53345
650
9333
36494
10408
53619
70232
36943
70724
4982
7334
69077
63475
63479
192
9627
9626
39769
5496
72178
14895
21736
14892
21734
72179
62879
48315
28315
1976
84060
84067
1603
86511
96881
40178
86517
42787
3221
43975
83591
40171
1604
80969
3223
14090
3222
68762
1969
1618
1619
5195
1617
58190
1615
1960
1961
1610
1963
41599
13266
13261
13263
13262
45096
18434
2873
2872
2871
2870
2877
33452
2875
2874
2879
2878
58440
14272
58442
3356
58332
3353
14279
3359
64998
76761
94821
38748
68586
68584
2544
5447
11969
102166
30240
30241
34893
6518
5493
34897
89776
31110
31115
5508
5509
5504
5502
5500
34090
34092
16795
103146
103141
103140
106423
542
67201
540
541
546
29971
544
545
11447
548
29979
2845
66154
66405
71179
23608
1941
47338
47339
48943
108028
27778
47334
96227
4011
59311
4631
3883
47083
61751
6566
97858
35144
15252
7684
7683
7682
35142
15253
52174
3324
35148
53400
3827
3826
3824
3326
3821
3820
23469
3327
2769
3828
809
65983
95417
72408
5007
72406
34638
39844
5005
31375
50065
7539
368
369
366
92322
100491
39166
7530
360
7532
32677
32675
55927
19604
16655
55259
65188
88600
12729
6179
12726
6174
65182
12722
6170
100725
64856
84800
24105
52931
25600
4014
3216
82954
33975
82951
19082
24957
65329
63908
75989
52520
7055
2201
2202
31806
2204
2205
2206
901
2209
64588
58233
9486
11584
11585
11582
74507
55816
93846
16505
75187
75183
46200
75188
900
79830
4429
3211
41967
94007
75673
907
70000
78001
102424
13458
13459
4527
4525
4832
4835
4834
38747
4836
7993
101456
7996
104133
11634
11635
11636
105510
6515
105512
105517
70143
96952
33186
81976
3213
64324
60664
47817
81973
13182
20657
20655
13188
17747
52755
36551
102395
80552
80551
63864
4753
76510
20384
20385
20386
20381
20388
20389
76517
51714
48123
8146
7336
7335
9291
7333
7332
7331
7330
9298
26590
39760
39761
83924
11966
18432
54571
11962
71355
78264
71351
71602
12921
12920
59127
59120
59121
10215
10211
10210
63312
7053
7056
7054
63319
78003
37759
26738
15933
8148
30987
8140
6994
30768
8144
6993
95363
95360
39376
39375
39370
2998
59
58
66363
2990
31581
57
56
51
2995
53
2997
68245
24388
46945
2991
47835
68249
2992
47520
67945
67942
2994
67419
43895
111496
50
5337
2996
40434
77351
52
100557
100556
66092
66093
28236
14513
66094
108207
108205
64659
28238
28239
11038
28728
29902
94580
72872
28722
1396
423
1394
1393
1392
1391
426
18072
77133
75110
43205
51054
19167
93758
32802
93755
89120
89123
96323
91532
103352
103354
103356
91534
61328
103602
103600
35464
100808
60325
89831
35469
27129
82095
7233
27125
65665
82720
4714
64139
25145
25146
25148
64130
80764
80767
74440
111497
53987
82896
4712
42555
46078
6698
56201
52237
6693
98056
97054
94992
6697
6696
90589
90588
2439
2433
99231
2431
2437
41512
2435
2434
32116
16827
63675
16829
40436
32119
6341
6343
97580
12115
12119
97589
52589
56067
52587
102475
9602
9604
10170
36961
10174
21246
21245
37561
46690
63412
1807
3783
3780
1804
1803
1802
1801
8996
8997
8995
45529
45528
4990
48338
45524
45521
41206
4999
80942
15025
44690
26947
37691
15027
49427
49422
3258
1948
1949
68740
1943
68035
1947
3256
3257
90724
90055
70213
70212
70746
13249
13248
39669
2850
2853
2852
2854
44344
2856
5461
72659
1492
3330
5465
3336
5467
63161
3339
54324
54326
20042
30516
422
48597
94779
20049
62237
38765
424
5223
51866
39487
102187
39486
89716
89717
91614
75702
103165
103164
85847
5224
85841
87620
14815
40335
527
520
521
58987
14813
528
529
67776
1236
23661
47314
1231
1232
1238
1239
1964
27714
6509
15039
76358
25977
6502
6501
4678
6507
15034
6504
1965
31173
102658
77838
13567
77837
55491
3809
3804
23484
3806
23482
23483
3803
3802
34618
39140
73595
73594
39147
39149
50049
24593
7551
50513
7555
35697
51933
19333
98876
39155
51934
22285
52913
22289
52919
64832
64833
69510
64831
13881
4171
64834
69515
26445
104049
4178
4179
11701
11353
14498
11352
9271
46192
46447
107510
39781
38968
991
38966
43544
43011
2229
2226
33915
2225
2222
2223
2220
2221
1
5926
5927
5920
50057
18335
5928
96048
96049
97640
97646
999
97649
17509
998
4504
4506
4501
4500
41948
10050
106241
4508
14270
70029
2088
2089
2082
2083
2080
2081
2086
122
2084
11658
11659
104112
11655
52772
17764
20768
62428
62425
20766
35462
36578
36574
36575
46990
46225
46224
42947
46220
80531
63885
16642
80537
80536
48100
27483
27481
83990
41414
84631
53797
53796
83948
70683
7315
95730
7310
39704
95736
12305
54513
12300
11904
18416
18415
54519
59147
15628
30165
30161
9014
10231
4739
7034
107622
53424
63339
49853
63335
24029
63331
63332
6164
68484
37220
37225
45137
83365
30708
15489
6431
90797
30701
15955
15954
15485
13713
95348
7788
7786
92422
95345
56090
50315
44942
76351
1009
1008
1005
1004
1003
1002
1001
1000
76136
67430
4349
4348
40450
4344
4343
4340
14530
11012
34425
76534
8610
72678
38154
38156
3191
91733
38153
4865
95772
89104
11334
11339
89109
19102
51033
32860
51031
32866
51037
5719
5718
5716
5714
5713
5712
5711
103338
27127
103624
32715
35484
60306
101663
28875
93485
93487
74687
59472
34823
65828
40244
94774
65822
65826
65827
21133
250
20177
43959
43484
43955
43950
16590
55687
32281
12471
12680
12683
12684
12685
12688
42576
22856
100825
100820
52216
10829
104566
22855
57139
53168
66008
1306
93958
63659
73794
68153
75462
32134
1300
63650
16373
97253
105747
61871
61870
47731
41905
26276
64153
69656
69653
56089
13382
69659
69658
69309
102646
63434
101889
57351
57353
9372
57355
57354
9377
63438
31815
37509
56886
75228
56882
1828
1825
1824
84025
1826
1821
1823
1822
2411
2410
2145
2144
2415
4979
4974
4975
41880
48187
45507
42557
4972
4973
1921
1922
1923
3272
68011
1926
58159
14053
1929
58154
58155
58152
14056
3279
106054
94634
4499
13229
36900
922
36907
36906
13220
70764
14237
14941
54650
71418
71416
71140
71141
3319
104909
56515
62740
5488
5582
5485
5484
5483
3314
58374
58375
30572
30571
30576
30577
18588
87397
20024
40131
15362
40135
40136
83885
33713
18194
53182
18190
18191
103100
103103
41625
103105
106464
66
67
1985
99617
83086
18582
14602
87646
59687
40862
508
44367
506
504
40868
40683
503
500
40680
23648
631
632
633
1216
1217
636
637
638
639
23135
47660
23646
15010
6523
72199
15014
6524
6527
15017
6529
6528
72191
15549
73821
7756
97813
97817
25990
1980
92497
35102
29647
72336
72337
3869
72446
32453
3860
3867
3866
3865
91949
90154
7831
38661
7571
7570
44814
7572
44812
107338
7576
107336
100455
33302
66448
37486
88644
103818
55213
61811
3930
52973
52971
97581
26469
4156
4155
18273
4158
4159
69822
42086
28115
28114
4511
65362
82917
92943
73311
73315
38942
38941
38940
15723
100180
88311
31843
18633
6713
16161
19640
51777
51776
101279
74895
74894
51779
74890
101273
104352
3489
17560
15084
38494
97620
105080
56749
13412
4562
13410
4560
13415
90938
11670
28788
11672
11673
11674
104681
74092
11678
46423
62064
46425
4717
106190
62912
27938
7657
52791
64368
3167
64367
81935
16785
33871
80513
16780
74328
85038
6064
12094
3160
12093
12092
42217
49295
42740
53366
2604
48479
2606
45779
60000
20924
45991
87095
2609
48476
48477
39721
39723
10038
39726
10037
10032
1190
48483
32736
10292
7373
7372
7371
7370
7376
7375
11929
94522
11920
12329
11923
11925
30149
70402
70401
70958
70959
30147
30146
30145
9030
60880
65225
37241
63358
37714
49877
49876
24005
54793
68465
68460
753
3782
751
83340
757
29892
755
83344
67189
758
29898
24344
24347
1194
2956
2957
2950
24349
50231
2953
5345
1026
1021
1020
1023
1022
58749
13460
5348
66325
22150
79179
79178
1197
40472
4360
77319
4362
15389
4368
67457
18035
37867
34179
18032
47909
14558
3109
14552
3106
3107
3100
3101
11074
3103
38138
30724
15973
15970
4992
91716
30729
4993
4091
4090
35719
4096
4095
4094
66290
4099
81130
5737
5736
5733
5732
66585
11313
5738
77459
103316
103641
9868
55043
103319
25831
25839
26317
35884
20447
60982
60983
1564
47122
23361
23360
28858
47126
74666
28856
74660
8097
8095
8094
8093
65805
20440
8098
39264
73122
22187
96495
96490
96493
42510
28307
19785
16574
80727
74410
1567
6659
6658
12667
6655
12665
6653
6650
69497
92007
100661
69491
52890
56535
52895
52894
70696
104544
3664
57117
95526
57114
6385
6384
6387
24808
19872
3661
32156
32157
21061
52093
52092
52094
31255
105762
82804
91485
2381
69672
2383
81580
14073
69674
64176
64174
80188
80181
2285
57574
21207
21204
75208
79952
79950
100897
1842
1841
4177
1847
1845
1510
53144
3250
6705
56290
2169
43603
3251
2165
2164
2166
4956
4957
2163
81056
85758
3253
14037
100356
49468
52635
52634
52636
3298
1908
52632
1906
3295
5135
3297
1902
52638
96875
96874
82441
13204
13203
106033
106036
106034
106035
53856
57375
53323
57372
36929
90092
36925
8291
36920
14963
54672
74603
14967
58356
34468
14787
18207
14785
14784
14783
20554
20002
38728
62764
62765
38724
45388
62762
99587
99584
83578
34875
80984
42436
15264
36655
40110
68692
2044
47462
6891
6890
48731
43129
15786
41604
106441
41601
106444
12818
40809
10906
44388
40801
40800
40803
44380
10900
1278
1279
618
619
93450
1270
1271
1272
616
1275
614
1277
59403
8248
71168
34381
8245
29660
1490
97730
53417
29669
73805
95923
5463
3337
6143
57741
31605
8426
8427
103789
79434
79436
103783
8428
8429
39184
67843
39208
35383
9838
7599
86134
44835
7595
3594
7591
14214
13998
23118
66462
35956
22573
10656
22574
69804
55173
52953
13324
24665
24664
4130
4132
4133
50922
32431
55455
28130
3845
32434
32437
3846
7477
94802
13322
75929
71940
75921
31866
31865
62234
62235
73374
35529
93033
60158
51757
51756
32389
51978
51977
19666
96000
5963
32383
5965
19661
1469
56767
98516
17545
55600
4549
4548
64698
4541
4543
4542
4545
60535
4546
102185
104157
11698
11694
11691
46408
46407
46153
2594
2596
2597
81914
2591
2593
2598
2599
64544
6631
182
42231
85587
85586
180
6041
6986
42720
42721
42726
42727
42725
2622
2623
2621
2626
20834
2624
2629
45714
30771
9582
10018
7357
9585
9588
10010
82148
188
78208
78209
101324
33161
71337
71335
71334
71333
54809
16077
84181
51578
84188
12342
10276
10275
10270
70424
70425
102004
105448
63371
85566
21549
37268
63
24060
92432
68198
20490
68445
775
14695
777
771
770
773
44449
778
77
76
2978
73
72
71
71594
71598
78
1043
1042
1041
1040
1047
68994
1045
1044
58723
1048
47853
62398
44897
52902
1506
79153
4303
4301
4306
4305
4304
77990
24370
14570
11051
14572
33835
54112
18016
18014
11058
13995
75
79336
3128
3129
72810
3123
62029
526
8659
15998
29916
53092
8657
15992
14161
869
35731
50960
5753
5752
5751
5750
51560
5755
5754
3449
5758
15195
15194
61612
103668
40848
861
67474
862
3441
16292
47148
72766
1230
866
47144
23307
2952
82749
47640
15224
87517
87514
15228
2754
39241
39240
7430
73144
2752
7438
7439
2753
16554
31926
74423
74424
74425
2023
46100
6675
12645
12646
6676
6671
6670
42538
2327
16081
6679
6678
16084
2326
97039
4701
13631
50616
77770
100863
100644
10866
2329
92022
10865
96749
27860
19505
19856
19857
93992
63615
63613
19509
68767
28783
65752
69619
26239
69611
2366
86930
69615
81215
69616
21956
11003
42391
44459
42398
1861
1860
1863
1865
1864
1867
1711
1869
3725
3726
3727
3722
4686
4684
13594
13593
5217
4938
4939
45542
4688
41841
76999
11737
2108
11730
11733
15033
2102
43626
2100
2106
2105
2104
5114
14528
58116
54478
5113
5112
14017
49484
14014
14013
49483
52612
52611
5256
52617
20791
17064
68050
15035
68055
58616
90742
9
36410
53871
38146
890
54618
893
894
895
897
898
33620
54615
104943
20573
79618
57969
48539
62702
34818
48531
45810
39884
18386
83514
39882
83518
39888
85770
260
430
85086
80308
1788
1789
1780
1781
32021
1785
1786
1787
41668
59649
15766
59644
41661
6873
15763
87680
6870
29463
40393
40823
40399
99650
99656
95108
18225
102310
71104
71454
71107
71109
18838
8220
32476
679
72158
88017
674
675
677
670
88014
672
76102
39475
15508
15509
62417
39479
6017
7609
85171
95043
95042
7605
7604
95044
90835
47441
47442
37108
34102
34101
88429
13557
88424
72376
72377
88932
100411
9855
9856
9859
5
67863
23149
71065
50574
44857
108168
86156
1256
28482
23170
1527
1253
1522
47627
1528
1529
1258
1259
84889
22224
17248
22553
32873
22551
22550
86032
56738
4114
69867
4110
4111
55010
77505
73685
77503
5709
4447
24688
96243
33908
72484
147
72487
32415
32414
38309
32412
62152
52657
98689
38908
50825
92908
35509
35505
81684
14371
1966
104318
11505
11503
145
61134
61130
61131
61336
3346
16177
10043
60559
52129
106220
25799
45958
105650
25022
97197
46179
46178
31393
111
46175
60745
99333
64418
64045
99337
45480
112
45484
69133
74366
25245
19623
110494
17210
97375
6020
1442
6022
6024
19621
10071
2649
36887
70626
70195
70196
2644
2645
70193
28825
101900
33101
45154
45155
14567
105266
10294
70447
102067
58885
42876
46824
21560
49349
22537
3557
3556
3555
75015
3553
3552
68427
3550
3559
3558
20963
20969
13885
44460
30905
719
4175
29853
716
713
711
54285
58703
40033
24301
58258
54288
1069
1068
76666
4172
1061
1060
1063
4173
1065
1064
1067
1066
13014
106541
13012
13013
13010
1525
70999
30101
30100
78622
4323
4325
4324
31270
4326
3140
3142
54138
33819
92551
14596
33815
33817
18077
33813
38046
23126
91751
10673
83651
45858
89433
31415
5779
51505
5771
5770
97977
97976
97971
59070
27652
61631
59079
67499
67498
2060
47166
23323
23329
72743
58088
72747
109666
76849
37795
82018
12569
12568
105864
46810
15242
15245
12567
12566
7412
7413
7410
50902
35755
92599
95908
1634
92595
7418
7419
16537
44673
1465
61096
6615
6614
56571
52858
10846
84945
69459
50637
100620
21022
32196
12198
23002
66019
3506
35747
61893
5084
65737
61894
2345
86950
69635
69632
69631
2670
2349
54433
43398
25499
25497
25496
43424
43391
21798
46349
21792
49135
49130
49131
68048
41867
17668
1889
1888
1887
3703
1884
1883
1882
79919
1880
2121
106414
2123
2125
2228
2127
2126
4664
4917
4666
13571
81090
4910
13572
11712
96765
11710
11717
96761
11714
53101
72587
43641
57153
57620
43645
42545
5177
30901
5174
58130
96836
58132
54456
52679
131
130
137
12699
135
48826
41118
12698
49148
70299
70296
6834
74875
70290
63491
53812
103571
28632
34838
34837
20510
20513
48517
45835
20516
14707
7255
7250
89635
7253
83533
83534
5333
63399
85791
6855
6854
15747
6851
48772
6853
48770
15748
15749
83794
18592
88
89
82
83
80
81
87
84
59664
63230
29339
29440
57840
54637
33640
7006
14295
54632
33311
33646
60947
57868
54638
15520
15521
76129
15523
34349
30844
6584
8206
76122
35028
34340
34342
7624
7623
7622
7629
35025
31647
31646
31645
7725
75408
7828
47424
13470
54568
37122
4502
13696
40513
92698
9876
35350
32128
2214
52341
24514
58586
656
1503
72176
655
3089
653
1504
651
3085
3084
28310
3081
3080
658
659
77524
77525
13401
32880
102409
19473
13809
73562
13804
13803
3884
96226
28172
96224
96225
96229
72350
79471
72353
91925
70021
55147
100291
73404
56491
73409
56145
2087
11527
54163
35565
96599
8326
51246
89352
34730
104331
104330
6704
61153
61405
65127
61409
25006
6995
9910
64656
60576
60575
64655
60573
2576
54126
51366
9914
46111
46110
17183
46118
19075
44094
11657
27359
75966
47278
29710
13449
27354
25265
25266
25269
32036
51863
74385
74386
19958
57329
42270
42271
42272
17767
88009
6008
6009
105068
17273
52441
56723
105061
17279
995
102598
39780
996
7391
990
39784
992
10057
53714
10055
53716
7399
36863
57459
27781
49582
61056
63005
38704
75382
75383
75381
33120
54844
58891
12382
64384
45131
17844
45138
85638
46801
42858
21585
21279
42852
68159
22859
5090
75037
38529
1398
3573
2666
4496
2664
13385
4493
13383
2660
2661
48183
88300
100315
20980
2669
69582
720
2938
2939
2932
1830
18589
1744
11898
14609
1836
14604
14605
18585
14603
1837
27777
29829
79117
1741
102737
70465
102049
102048
3797
30474
108553
71731
71730
11090
11092
37800
31780
31781
11098
11099
18059
62067
33878
17802
2161
3168
3166
28781
28782
3165
3162
28785
3161
87163
4981
67350
30787
42767
27515
94520
94526
27513
733
2405
735
734
40722
40723
739
738
67122
66838
47981
4987
43755
66831
66833
47989
66523
89195
27633
27636
13742
48768
97953
3003
97950
29162
29161
31250
77955
77954
81105
69906
1799
48101
35895
12547
109603
12811
27188
12819
72724
39206
92200
39200
53946
11267
50381
93284
50386
50929
37820
31439
7472
35958
50431
41238
35771
35770
51384
32207
51380
32203
22691
40757
22698
22699
6633
6632
60960
60961
69436
56551
100608
24720
50657
285
65246
14068
2909
82691
21001
19547
19544
22076
22077
6665
2323
2322
4704
4703
13633
2325
69388
81524
81255
2328
77774
15332
3762
3763
3764
3765
3766
3767
3769
46320
52389
1560
17390
41809
56803
56800
2499
43662
1291
2491
2490
4646
90522
2314
54406
11772
5159
105656
5153
5152
5155
5154
39707
117
116
60744
110
113
64044
119
118
33432
36328
36327
90786
46634
36977
90044
85405
46638
77548
80693
45851
87316
45859
48578
4867
2313
35995
7272
7273
11909
7276
15026
95494
44679
2310
72146
64011
42136
42135
7029
80346
41944
80345
6833
6832
6831
15893
6837
48798
59607
15897
48795
41115
6839
6838
10556
65896
70816
78452
3340
10914
95144
18269
82040
18264
15099
48223
15090
15091
34360
30865
34365
7643
7641
7640
44092
7646
7649
39435
7030
1480
1748
1749
37142
1745
1746
1747
1740
47405
1742
1743
67357
52668
9012
10413
83111
7924
85450
40578
35896
35897
3307
40570
44894
40572
86190
54166
40576
58497
7297
1568
1569
1298
1299
5492
1292
1293
1562
1563
1296
1565
1294
1295
73647
35760
66995
13828
54164
10641
13826
55164
4440
1866
50425
5638
55162
5631
5633
4444
103727
103094
60751
13354
